Ea = 0.0014887266690761388
B = -82.47274582346652
C = -0.009322841878651575
