Ea = 0.0005661628195175105
I0 = 167.48298644756701
B = 0.020295181208737845
