Ea = 0.0008291428362474585
I0 = 156.01111054189386
B = 0.01998174764917534
