Ea1 = 9.458096851519097e-35
Ea2 = 0.012222909575591294
I0 = 22.921948523807373
B1 = 0.004123784192612798
B2 = 0.026429776876197106
