Ea = 0.0014706709264327125
B = 13820.801657007034
C = 3.8787684398403934
