Ea = 0.002872323745838902
I0 = 20.207254543456273
B = 0.01006413626081684
