dif = 0.35730340646040304
energyRoom = 0.7689866075331384
waveLengthRoom = 1616.5756176012846
changeEnergy = -0.043636766192217014
changeWaveLength = 86.80790454490102
