Ea1 = 0.23886942337603354
Ea2 = 5.093581611374784e-35
I0 = 221.58594906784757
B1 = 95470.92534797823
B2 = 0.024144156753914955
