dif = 0.3591810552666176
energyRoom = 0.7671089587269239
waveLengthRoom = 1620.5325017492446
changeEnergy = -0.043636766192217014
changeWaveLength = 87.22191892257342
